588704
2688516
4177994
5438956
7145668
7427286
12800688
14742281
17963056
20123160
20875083
22420730
24753122
29035008
29992702
36004091
36115293
37125148
37975258
40002212
41781825
42968002
46608533
48977816
49405431
49997698
50205367
50247525
51632740
53622034
55127330
55435796
56735808
65103840
68538004
76382719
79062684
81667550
88093160
94034314
95798859
96931613
97228957
102764384
104634792
106022977
107615272
107616756
109587501
111595019
117566604
119286564
119837081
120483839
124561098
125710575
126252887
126292962
127710905
128166210
128276083
128974449
129710661
131728943
131874573
132751137
136671698
137150009
137207117
140463917
142721760
146514732
148828617
148859575
157349389
159761480
160170717
160394782
160549825
164311138
165749484
167235503
168688195
170235914
173775410
177953405
179345447
181110596
187156604
189097624
189486945
194868206
196717027
197219851
199139034
201018063
201504241
206202815
206488390
206859556
208121631
210523030
213348484
215140422
215805741
218976140
224977180
228585430
230855241
232360125
232582506
232997522
239382290
240009149
243473955
248011148
252981101
259229345
260704801
265549018
266106878
270792179
271691323
275818685
277332892
277422177
277851186
278567459
278664440
278712287
280338381
280537513
286066692
287719342
287900671
290942754
292213634
292402995
293053988
293706952
294035883
295662388
299187718
300746134
301926522
302033352
305889852
306186585
308839647
314489421
314934584
315929673
317056932
319209987
322570348
326398464
326631321
328727573
329420073
332662297
333251001
334311966
339418499
341846396
349022953
349984489
354430288
358035963
358736977
360274131
360479364
367441639
369616751
370738963
371090527
374039433
376727949
379455530
382100598
386686898
386802798
387248110
388464292
389344530
398564364
399228321
399795791
405308725
406216250
407646668
416685331
417689164
419211759
424973482
424996305
426647543
428287607
429700813
433733796
436821002
440940415
443336595
447043947
453562610
464986329
467361128
467501808
467792851
468313403
469348344
469812307
472184040
474124092
480850431
481504848
484725029
486492924
489968041
491769074
492623418
494311085
500985154
501680596
505251834
505551647
507792400
508361057
508457529
511480528
521236404
522851935
526558699
527070296
527192359
527902706
528136395
529131473
529218281
529534276
530241988
530438136
532339919
533927155
541291159
542966043
543399739
544852695
547493538
549574226
551823419
558994787
560315733
561182741
561395443
566555095
568014334
568971902
569140757
571902414
572169632
572814988
573524785
578788769
580774239
581027300
583015719
586234281
587296255
590352754
591175443
593686738
594803273
594980510
602747904
603827351
604032826
604102863
604444458
606203212
608082752
608250130
611561885
614340596
614977955
625257381
630257260
631317609
634583255
634710416
635408623
637231143
638121308
638159925
638556176
642973688
643652079
647315860
647622278
649348545
649899263
652574163
655540079
656077198
656489111
657787111
659621241
661659994
670710493
671208016
673594495
674246310
676614931
679916560
680130402
685070824
685227996
698822033
700530770
701960618
702215263
702484848
703469241
704051668
704154032
705066119
706559554
711061596
715682627
719052514
720683427
721186117
724734178
724905578
725803877
727199050
733073013
735037691
740333214
741118624
741286881
741412270
744722862
745728345
748081507
750380226
751152426
752209052
758608471
760023605
761123904
761712425
762721023
762895858
766804123
769915282
770465032
780786468
785349276
786818367
788050463
789135793
790817701
798807689
799045906
802391839
802419820
803063308
804982880
811297538
814990278
816188400
818341739
819231803
824885287
826702308
827752850
828241676
828381771
829513610
830372789
837562246
841734277
843158918
845866807
853182172
856887269
858846235
861000580
861621500
864572627
865235209
867045764
868335066
869568508
873305332
874224251
874517742
875518023
877177035
877338138
878683321
878790023
880012617
883397115
885845076
886395321
893271057
893538614
896045339
897515641
900497681
902329647
907096397
909990148
910429132
912960300
913148902
914880084
915048797
916374293
918548939
919546153
919608636
919686577
923482344
924208405
925610728
926795302
927681189
929542705
929733750
932257542
932690835
933123256
937804885
939079019
939143513
948374541
950973338
951680162
952547166
955151333
955238294
959417742
959762558
960018596
962865269
965336301
965662461
966002020
967918694
972277319
973128667
973952444
975721636
976172832
976359117
978595109
980584215
980719382
983385922
986390864
988628234
990410567
995272491
998600673
999747692
1000547490
1001812393
1002210051
1003015994
1003889255
1004134105
1010401921
1010624785
1011782417
1014735402
1016978893
1018240232
1019815889
1022882317
1023589709
1033405243
1036578329
1036799640
1045043826
1045633408
1046672900
1046758204
1050039119
1051456154
1061357845
1065079224
1065720546
1072097516
1072175576
1073752596
1074269821
1075928901
1078650696
1080964773
1085085964
1085569839
1097188513
1099314230
1105493094
1106023715
1106867510
1106891950
1108622133
1111085442
1113054050
1121048132
1129486534
1133104738
1133152642
1136037107
1140995865
1143717851
1143987161
1144017099
1144740980
1145464427
1148576309
1149012352
1149451591
1149882415
1153696750
1155063040
1155220909
1157448843
1158897571
1160578815
1161680907
1162891232
1165428269
1167724483
1168127149
1168146156
1168404212
1171807467
1175515477
1175716248
1178241143
1178502893
1181015296
1182635897
1186151972
1187201066
1189720507
1198529420
1198662804
1201527202
1203579762
1203987680
1208204333
1208215741
1209102938
1209320597
1211235999
1215208541
1216674653
1220502254
1223214143
1224503446
1232003273
1232657274
1237426543
1242568975
1243690067
1244021445
1245851636
1246575397
1247192127
1247720214
1248268437
1249209226
1249314474
1249629368
1251746536
1254258035
1254435052
1254779406
1262042250
1267176453
1269108456
1269551496
1270499952
1271286593
1271757390
1277681801
1277808642
1279960709
1282814872
1284931571
1284987353
1286038302
1286090092
1288215602
1288498628
1290123335
1291961326
1295368652
1295382820
1297742550
1298165640
1301443718
1301926230
1303355873
1304393328
1304817854
1305310144
1310210748
1311852079
1312535353
1321107280
1329612179
1330618097
1331816935
1342105471
1343917399
1345411451
1350456426
1355420923
1357994838
1361631723
1362168831
1364578571
1367917007
1371434475
1371537975
1375005712
1377101105
1379554955
1381072967
1383091104
1387577465
1387972882
1391180816
1392392950
1394688826
1397619507
1403484655
1404208102
1405167724
1413019558
1414479150
1417570167
1417810716
1418328757
1419013481
1419536536
1423467601
1425264949
1435317044
1435890106
1437638703
1438775646
1440716964
1441011738
1441411270
1443015434
1443558127
1444487247
1445044145
1448210190
1460504310
1462657533
1468191808
1469445647
1471079920
1471085201
1476603952
1479575268
1479731599
1479917690
1480064467
1484083747
1486573824
1489517547
1490382180
1492980707
1496120418
1496508402
1496971158
1504891732
1513350322
1514934214
1519822865
1523866288
1523997574
1526297053
1527051749
1530225986
1530716836
1531805676
1537650930
1537822941
1538239634
1538422356
1540020376
1540686392
1545255459
1545758520
1547518036
1548739726
1549366770
1554718675
1561600681
1569372554
1571153342
1571744394
1576371286
1578180011
1578337512
1580032352
1580590120
1582186698
1590480356
1590608883
1591739503
1593573064
1596136704
1596284888
1597865883
1597907643
1601163494
1602615614
1603508259
1604171790
1607869265
1607940945
1608331259
1611991906
1613054158
1613987164
1615296551
1622565860
1627566104
1628397822
1629405817
1630345024
1631163002
1631478143
1634059869
1648468530
1648677684
1650143660
1651710600
1654010242
1657162589
1657309076
1658392196
1658578784
1658599827
1659652804
1660747005
1662111068
1663711289
1664281115
1666230599
1672152032
1674699334
1676417457
1677375638
1677621170
1678351043
1678933262
1679403515
1679513235
1679581241
1682915032
1684792125
1690296079
1694635871
1696408838
1696566389
1696808515
1697253069
1698551845
1701081174
1702508108
1702606117
1704564917
1711123531
1712615417
1712820971
1714210633
1714778818
1715435315
1716212210
1716863758
1720978463
1725189722
1726689069
1727380541
1727756474
1728077119
1732763488
1734763032
1739418023
1741013198
1741712225
1743205389
1747364208
1747383488
1749742275
1749858712
1751607799
1756938964
1758512883
1765901111
1766691281
1767295996
1767715909
1768239291
1770997164
1773007112
1774692124
1775864875
1776935729
1779242656
1780868758
1782327341
1787718898
1790474400
1792010239
1792447325
1792890490
1794839080
1794953248
1797233143
1801330466
1802179021
1806543311
1809503656
1811150747
1811807492
1813147949
1816487381
1816800793
1822304345
1823990370
1824604347
1826027967
1827739718
1827997995
1831160885
1833321683
1833947203
1839047692
1839436897
1839934458
1841728278
1845342121
1846104908
1849534441
1861249657
1869093888
1871490636
1873115071
1873981300
1876255643
1885281737
1888739973
1894826272
1895326199
1895547872
1898877822
1900221155
1900577626
1902117762
1902809713
1903774394
1904821682
1905657920
1905752583
1908850681
1910553186
1914450635
1915799747
1915913068
1918028599
1919364499
1919706573
1927132970
1934071245
1937052854
1937500970
1942170951
1950771648
1953289459
1955127269
1956210604
1957681832
1958222735
1966938440
1968523175
1973404780
1973754172
1975852821
1977076110
1977214311
1978648326
1979414624
1983407596
1984144686
1985627350
1986511159
1987522527
1988578969
1988974717
1990599796
1992038143
1992148802
1994000794
1997554650
1999073367
2005373414
2005710243
2008745611
2009459447
2010300652
2015877391
2017744806
2018875166
2022307772
2027055142
2027361895
2028938180
2032781332
2033567126
2033934004
2034962786
2035086311
2035367580
2037356543
2040992792
2041716594
2043759642
2044320735
2045057691
2048453351
2048929993
2052474835
2053145003
2055970641
2056282258
2056616335
2057116974
2059332827
2059388812
2060378351
2061137904
2061843169
2064181407
2069597889
2073471279
2075673348
2076267949
2076645551
2077233824
2077358756
2079423030
2080063006
2081097104
2081367561
2087797752
2090259907
2091484553
2091715269
2093029209
2094574759
2096246935
2104559553
2105000420
2107747507
2107781261
2108269447
2108763786
2110238369
2111744136
2111798390
2114243918
2119291448
2120143159
2123842357
2124950589
2125051869
2125312712
2127856461
2129208391
2131900042
2134967173
2136592199
2138568796
2143912410
2145431087
2146045301
2146194345
